1915   12    8  105.175
1917    2    3   74.525
1917   12   29  114.775
1918   12    4   93.350
1919   11   15  109.125
1921    2   11  101.900
1921   12   11  120.375
1922   10   25   70.225
1924    2   11  150.000
1924   12   12  103.100
1926    1    5   70.750
1926   10   16   71.900
1927   11   14   65.200
1928   10    9   66.000
1930    2    1   67.025
1931    2   18   79.550
1932    2   26  125.450
1932   11   12  102.300
1933   11    2   93.625
1935    1   22  126.675
1936    9    1   81.950
1937    2   21  101.175
1937   12   28   97.025
1939    1    1   79.625
1939   11   30   63.475
1940   10   18   71.725
1941   12    2   69.825
1942   11   14   77.550
1944    2    6   72.675
1945    1    7   91.650
1945   10   25  156.250
1946   12   10   69.425
1947   10   19  107.625
1949    2   16  107.850
1949   12   27  112.800
1951    2   10  122.100
1951   12    1   39.625
1952   12   12   63.825
1953   10   31  101.275
1955    2    7  102.825
1955   10   25  104.375
1956   12    9   91.075
1957   10   30   71.400
1958   11   12   85.675
1959   12   15  110.725
1961    2   21  103.825
1961   11   10   54.925
1962   11   19   73.200
1964    9   30   87.725
1965    2    5   95.900
1965   10    6   79.375
1966   12   16   70.750
1968    1   19   76.500
1968   12    4   58.450
1970    1   14   50.700
1971    1   30   90.075
1971   12   17   99.300
1972   12   26   94.675
1974    2    3   80.675
1975    8   23   64.125
1975   12    3  119.925
1977    1   18   75.700
1977   12    2   83.125
1978   11    4   96.225
1979   12   18   94.200
1980   11   21   77.325
1982    2   14   91.950
1983    1   10   95.125
1984    1   25   85.475
1985    6    7   73.550
1986    2   24  128.500
1986   11   24   95.100
1988    4    6   97.525
1988   10   16  124.725
1989   11    9  108.150
1990   11   10  106.975
1991   11   20   71.050
1993    1   25   82.925
1993   12   10   80.925
1995    2   19  104.950
1995   11    8  123.875
1996   11   28   87.050
1997   10   30   82.050
1998   11   13   70.100
1999   11   12   78.000
2000   12   17   55.975
2002    2   22  147.750
2003    3   13   53.175
2003   10   17  185.875
2005    9   30   80.525
2006    1   30   66.525
