1915   12    8  117.075
1917    2    3   86.625
1917   12   29  128.025
1918   12    4  116.200
1919   11   15  125.775
1921    2   11  123.050
1921   12   11  136.275
1922   10   25   82.975
1924    2   11  166.600
1924   12   12  120.775
1926    1    5   72.625
1926   10   16   83.050
1927   11   14   78.975
1928   10    9   78.425
1930    2    1   77.125
1931    2   18   92.225
1932    2   26  146.525
1932   11   12  121.625
1933   11    2  112.925
1934   11    5  139.725
1936    2   27   94.075
1937    2   21  123.375
1937   11    8  118.425
1939    1    1   84.825
1939   11   30   74.600
1940   10   18   77.025
1941   12    2   79.100
1942   11   14   90.075
1943   12    3   86.100
1945    1    7   94.475
1945   10   25  173.775
1946   12   10   80.550
1947   10   19  119.175
1949    2   16  122.600
1949   12   27  127.225
1951    2   10  160.100
1951   12    1   50.375
1952   12   12   74.200
1953   10   31  116.725
1955    2    7  117.775
1955   10   25  122.825
1956   12    9  103.075
1957   10   30   85.000
1958   11   12  108.450
1959   12   15  135.550
1961    2   21  122.900
1961   11   10   66.500
1962   11   19   91.150
1964    9   30   97.275
1965    2    5  108.575
1965   10    6   89.050
1966   12   16   84.575
1968    1   19   82.350
1968   11   22   72.075
1969   12   14   58.300
1971    1   30   89.200
1971   12   17  116.150
1972   12   26  110.125
1973   11   28   96.250
1975    8   23   71.775
1975   12    3  135.100
1977    1   18   77.175
1977   12    2   98.850
1978   11    4  116.800
1979   12   14  107.025
1980   11   21   94.375
1982    2   14  117.000
1983    1   10  109.050
1984    1   25   91.250
1985    6    7   86.175
1986    2   24  152.575
1986   11   24  118.225
1988    4    6  111.050
1988   10   16  138.275
1989   11    9  129.325
1990   11   10  134.150
1991   11   20   87.325
1993    1   25   90.200
1993   12   10   93.500
1994   11   30  123.700
1995   11    8  151.450
1996   11   28  105.425
1997   10   30   93.450
1998   11   13   86.600
1999   11   12   97.775
2000   11   27   72.600
2002    2   22  172.425
2003    3   13   64.750
2003   10   17  206.500
2004   11   25   93.300
2006    1   30   71.525
