1916  105.175   49.227
1917   74.525   41.180
1918  114.775   62.892
1919   93.350   44.088
1920  109.125   53.524
1921  101.900   63.072
1922  120.375   89.037
1923   70.225   34.286
1924  150.000   91.335
1925  103.100   75.114
1926   70.750   31.569
1927   71.900   25.796
1928   65.200   30.044
1929   66.000   39.143
1930   67.025   28.936
1931   79.550   35.950
1932  125.450   96.061
1933  102.300   50.596
1934   93.625   45.416
1935  126.675   74.269
1936   81.950   34.894
1937  101.175   50.707
1938   97.025   49.792
1939   79.625   40.791
1940   63.475   36.453
1941   71.725   25.289
1942   69.825   43.541
1943   77.550   25.127
1944   72.675   31.147
1945   91.650   50.611
1946  156.250  113.229
1947   69.425   19.178
1948  107.625   65.114
1949  107.850   25.448
1950  112.800   91.420
1951  122.100   96.148
1952   39.625   24.280
1953   63.825   39.735
1954  101.275   60.011
1955  102.825   44.882
1956  104.375   84.561
1957   91.075   28.988
1958   71.400   24.871
1959   85.675   41.599
1960  110.725   36.536
1961  103.825   66.559
1962   54.925   19.376
1963   73.200   34.331
1964   87.725   31.872
1965   95.900   26.011
1966   79.375   30.898
1967   70.750   64.829
1968   76.500   38.270
1969   58.450   32.584
1970   50.700   16.462
1971   90.075   32.033
1972   99.300   61.136
1973   94.675   51.135
1974   80.675   36.817
1975   64.125   29.609
1976  119.925   82.560
1977   75.700   19.936
1978   83.125   34.917
1979   96.225   36.379
1980   94.200   80.760
1981   77.325   55.871
1982   91.950   31.482
1983   95.125   47.709
1984   85.475   40.035
1985   73.550   43.856
1986  128.500   37.342
1987   95.100   50.140
1988   97.525   23.513
1989  124.725   87.201
1990  108.150   63.332
1991  106.975   86.883
1992   71.050   26.216
1993   82.925   24.661
1994   80.925   22.649
1995  104.950   25.684
1996  123.875   85.541
1997   87.050   45.192
1998   82.050   47.562
1999   70.100   30.905
2000   78.000   47.757
2001   55.975   22.733
2002  147.750   45.959
2003   53.175   17.349
2004  185.875  135.978
2005   80.525   47.407
2006   66.525   39.261
