1916  117.075   53.509
1917   86.625   44.397
1918  128.025   33.158
1919  116.200   70.463
1920  125.775   37.406
1921  123.050   67.045
1922  136.275   60.780
1923   82.975   44.571
1924  166.600   36.139
1925  120.775   67.447
1926   72.625   21.793
1927   83.050   55.225
1928   78.975   29.015
1929   78.425   44.912
1930   77.125   21.508
1931   92.225   72.248
1932  146.525   62.619
1933  121.625   65.318
1934  112.925   35.065
1935  139.725   78.456
1936   94.075   60.103
1937  123.375   77.953
1938  118.425   67.969
1939   84.825   47.603
1940   74.600   35.076
1941   77.025   32.211
1942   79.100   52.712
1943   90.075   33.858
1944   86.100   21.167
1945   94.475   29.900
1946  173.775  109.799
1947   80.550   42.745
1948  119.175   71.624
1949  122.600   26.657
1950  127.225   96.641
1951  160.100   75.561
1952   50.375   35.725
1953   74.200   48.958
1954  116.725   61.368
1955  117.775   49.431
1956  122.825   77.592
1957  103.075   65.148
1958   85.000   32.532
1959  108.450   47.952
1960  135.550   31.055
1961  122.900   30.585
1962   66.500   38.308
1963   91.150   41.384
1964   97.275   67.604
1965  108.575   33.158
1966   89.050   50.717
1967   84.575   51.598
1968   82.350   66.458
1969   72.075   39.193
1970   58.300   34.839
1971   89.200   45.021
1972  116.150   76.986
1973  110.125   40.355
1974   96.250   41.650
1975   71.775   53.990
1976  135.100   68.044
1977   77.175   25.694
1978   98.850   42.668
1979  116.800   42.330
1980  107.025   38.076
1981   94.375   54.735
1982  117.000   49.761
1983  109.050   73.701
1984   91.250   31.062
1985   86.175   73.026
1986  152.575   37.304
1987  118.225   68.262
1988  111.050   36.994
1989  138.275  102.963
1990  129.325   88.913
1991  134.150  118.587
1992   87.325   34.859
1993   90.200   48.799
1994   93.500   34.577
1995  123.700   52.081
1996  151.450   83.503
1997  105.425   72.857
1998   93.450   49.187
1999   86.600   38.246
2000   97.775   69.865
2001   72.600   32.163
2002  172.425   44.280
2003   64.750   26.535
2004  206.500  142.034
2005   93.300   33.754
2006   71.525   28.360
