1916    6   26   53.509
1917    6    8   44.397
1918    8   10   33.158
1918   10   11   70.463
1919   11   16   37.406
1920   10    4   67.045
1921   12   11   60.780
1922   10   25   44.571
1923   10   16   36.139
1924   12   12   67.447
1926    7   10   21.793
1926   10   16   55.225
1927   10   18   29.015
1928   10    9   44.912
1930    6    6   21.508
1931    6   26   72.248
1932    6   21   62.619
1932   11   17   65.318
1933   10   27   35.065
1934   11    5   78.456
1936    6    2   60.103
1937    6   21   77.953
1937   10   28   67.969
1939    5   28   47.603
1939   12    8   35.076
1940   10   18   32.211
1942    6   15   52.712
1943    6   17   33.858
1944    7   18   21.167
1945    2    8   29.900
1945   10   25  109.799
1947    6   26   42.745
1947   10   19   71.624
1948   10    4   26.657
1950    2   26   96.641
1950   10   10   75.561
1952    6    4   35.725
1953    6   13   48.958
1953   10   31   61.368
1954   11   22   49.431
1955   10   25   77.592
1957    6   12   65.148
1957   10   30   32.532
1959    9    6   47.952
1960    6   16   31.055
1961    5   23   30.585
1962    8    4   38.308
1962   11   20   41.384
1964    9   30   67.604
1965    8   13   33.158
1965   10    6   50.717
1967    6   22   51.598
1968    6    2   66.458
1969    5   30   39.193
1970    7   27   34.839
1971    6   25   45.021
1972    7   13   76.986
1973    6    7   40.355
1974    6    4   41.650
1975    8   23   53.990
1975   10   17   68.044
1977    8   25   25.694
1978    6   10   42.668
1978   11    8   42.330
1980    6   17   38.076
1980   12   27   54.735
1982    6   30   49.761
1983    7   12   73.701
1983   11    4   31.062
1985    6    7   73.026
1986    7    2   37.304
1987    5   12   68.262
1988    5   27   36.994
1988   10   16  102.963
1989   11   10   88.913
1990   11   10  118.587
1992    7    5   34.859
1993    6   10   48.799
1994    6   13   34.577
1995    7   26   52.081
1995   11   29   83.503
1997    6    1   72.857
1997   10   30   49.187
1999    6    5   38.246
2000    6   12   69.865
2001    6   28   32.163
2002    6   29   44.280
2003    7    1   26.535
2003   10   17  142.034
2004   11   25   33.754
2006    6    2   28.360
