1916    6   26   49.227
1917    6   28   41.180
1917   12   18   62.892
1918   10   27   44.088
1919   11   15   53.524
1921    2   11   63.072
1921   12   11   89.037
1922   12   27   34.286
1924    2   11   91.335
1924   12   12   75.114
1925   12   11   31.569
1926   10   16   25.796
1927   12    2   30.044
1928   10    9   39.143
1930    2   18   28.936
1931    6   26   35.950
1932    2   26   96.061
1932   11   12   50.596
1933   10   23   45.416
1935    1   24   74.269
1936    6    2   34.894
1937    6   21   50.707
1937   11   27   49.792
1939    1    1   40.791
1939   12   16   36.453
1940   10   18   25.289
1941   12    2   43.541
1942   11   14   25.127
1943   12    3   31.147
1945    2    8   50.611
1945   10   25  113.229
1946   12   11   19.178
1947   10   19   65.114
1948   10    4   25.448
1950    2   26   91.420
1951    2   10   96.148
1952    5   13   24.280
1953    1   31   39.735
1953   10   31   60.011
1954   11   26   44.882
1955   11    4   84.561
1957    6   12   28.988
1957   10   30   24.871
1958   11   12   41.599
1959   11   23   36.536
1961    2   21   66.559
1962    2    3   19.376
1962   11   20   34.331
1964    6    6   31.872
1965    5   16   26.011
1966    3   30   30.898
1966   12   16   64.829
1968    6    2   38.270
1969    5   30   32.584
1970    6   15   16.462
1971    1   30   32.033
1972    7   13   61.136
1972   12   26   51.135
1974    6    4   36.817
1974   12   21   29.609
1975   12    3   82.560
1977    1   18   19.936
1977   12   14   34.917
1978   11    8   36.379
1979   12   18   80.760
1980   12   27   55.871
1982    2   16   31.482
1982   12    4   47.709
1983   11   16   40.035
1985    6    7   43.856
1985   11    3   37.342
1986   11   24   50.140
1988    5   13   23.513
1988   10   16   87.201
1989   11   10   63.332
1990   11   10   86.883
1992    2    1   26.216
1993    5    2   24.661
1993   12   10   22.649
1994   10   27   25.684
1995   11   29   85.541
1997    6    1   45.192
1997   10   30   47.562
1998   11   25   30.905
2000    6   12   47.757
2001    6   12   22.733
2002    2   22   45.959
2003    1   26   17.349
2003   10   17  135.978
2004   11   25   47.407
2006    1   10   39.261
