1916  117.075   53.509   10.063
1917   86.625   44.397    7.433
1918  128.025   33.158    8.713
1919  116.200   70.463    9.270
1920  125.775   37.406    8.115
1921  123.050   67.045    9.429
1922  136.275   60.780    7.615
1923   82.975   44.571    7.502
1924  166.600   36.139    7.012
1925  120.775   67.447    7.963
1926   72.625   21.793    6.594
1927   83.050   55.225    7.782
1928   78.975   29.015    7.898
1929   78.425   44.912    5.485
1930   77.125   21.508    6.251
1931   92.225   72.248    7.573
1932  146.525   62.619    8.843
1933  121.625   65.318    9.731
1934  112.925   35.065    9.560
1935  139.725   78.456    8.776
1936   94.075   60.103    7.641
1937  123.375   77.953    7.074
1938  118.425   67.969    7.272
1939   84.825   47.603    7.536
1940   74.600   35.076    7.724
1941   77.025   32.211    7.086
1942   79.100   52.712    6.601
1943   90.075   33.858    7.311
1944   86.100   21.167    5.964
1945   94.475   29.900    7.445
1946  173.775  109.799    8.920
1947   80.550   42.745    7.649
1948  119.175   71.624    9.713
1949  122.600   26.657    7.600
1950  127.225   96.641   10.126
1951  160.100   75.561    9.689
1952   50.375   35.725    6.861
1953   74.200   48.958    7.292
1954  116.725   61.368    9.386
1955  117.775   49.431    8.067
1956  122.825   77.592    9.317
1957  103.075   65.148    7.764
1958   85.000   32.532    6.722
1959  108.450   47.952   10.138
1960  135.550   31.055    8.379
1961  122.900   30.585    8.829
1962   66.500   38.308    7.460
1963   91.150   41.384    7.153
1964   97.275   67.604    9.808
1965  108.575   33.158    7.928
1966   89.050   50.717    7.448
1967   84.575   51.598    8.216
1968   82.350   66.458    9.566
1969   72.075   39.193    8.091
1970   58.300   34.839    6.430
1971   89.200   45.021    9.120
1972  116.150   76.986   10.819
1973  110.125   40.355    6.217
1974   96.250   41.650    9.494
1975   71.775   53.990    7.606
1976  135.100   68.044   10.095
1977   77.175   25.694    5.777
1978   98.850   42.668    8.253
1979  116.800   42.330    5.960
1980  107.025   38.076    7.846
1981   94.375   54.735    8.667
1982  117.000   49.761    9.171
1983  109.050   73.701    8.422
1984   91.250   31.062    8.642
1985   86.175   73.026    6.495
1986  152.575   37.304    8.093
1987  118.225   68.262    6.810
1988  111.050   36.994    6.538
1989  138.275  102.963    7.837
1990  129.325   88.913    8.862
1991  134.150  118.587    9.715
1992   87.325   34.859    7.126
1993   90.200   48.799    6.718
1994   93.500   34.577    5.989
1995  123.700   52.081    7.845
1996  151.450   83.503    9.918
1997  105.425   72.857   11.033
1998   93.450   49.187    7.147
1999   86.600   38.246    9.878
2000   97.775   69.865    9.168
2001   72.600   32.163    6.051
2002  172.425   44.280    8.219
2003   64.750   26.535    6.206
2004  206.500  142.034    8.607
2005   93.300   33.754    7.728
2006   71.525   28.360    7.960
