1916  105.175   49.227    8.678
1917   74.525   41.180    6.449
1918  114.775   62.892    7.552
1919   93.350   44.088    8.112
1920  109.125   53.524    7.152
1921  101.900   63.072    8.207
1922  120.375   89.037    6.569
1923   70.225   34.286    6.593
1924  150.000   91.335    6.106
1925  103.100   75.114    6.927
1926   70.750   31.569    5.760
1927   71.900   25.796    6.755
1928   65.200   30.044    6.843
1929   66.000   39.143    4.741
1930   67.025   28.936    5.472
1931   79.550   35.950    6.683
1932  125.450   96.061    7.665
1933  102.300   50.596    8.384
1934   93.625   45.416    8.283
1935  126.675   74.269    7.662
1936   81.950   34.894    6.717
1937  101.175   50.707    6.104
1938   97.025   49.792    6.192
1939   79.625   40.791    6.609
1940   63.475   36.453    6.689
1941   71.725   25.289    6.193
1942   69.825   43.541    5.677
1943   77.550   25.127    6.238
1944   72.675   31.147    5.205
1945   91.650   50.611    6.481
1946  156.250  113.229    7.730
1947   69.425   19.178    6.607
1948  107.625   65.114    8.370
1949  107.850   25.448    6.421
1950  112.800   91.420    8.724
1951  122.100   96.148    8.370
1952   39.625   24.280    5.937
1953   63.825   39.735    6.400
1954  101.275   60.011    8.187
1955  102.825   44.882    6.916
1956  104.375   84.561    8.005
1957   91.075   28.988    6.695
1958   71.400   24.871    5.814
1959   85.675   41.599    8.791
1960  110.725   36.536    7.228
1961  103.825   66.559    7.626
1962   54.925   19.376    6.528
1963   73.200   34.331    6.100
1964   87.725   31.872    8.595
1965   95.900   26.011    6.900
1966   79.375   30.898    6.466
1967   70.750   64.829    7.191
1968   76.500   38.270    8.323
1969   58.450   32.584    7.003
1970   50.700   16.462    5.604
1971   90.075   32.033    7.931
1972   99.300   61.136    9.386
1973   94.675   51.135    5.423
1974   80.675   36.817    8.191
1975   64.125   29.609    6.538
1976  119.925   82.560    8.788
1977   75.700   19.936    5.057
1978   83.125   34.917    7.066
1979   96.225   36.379    5.116
1980   94.200   80.760    6.801
1981   77.325   55.871    7.446
1982   91.950   31.482    7.967
1983   95.125   47.709    7.281
1984   85.475   40.035    7.475
1985   73.550   43.856    5.547
1986  128.500   37.342    7.018
1987   95.100   50.140    5.816
1988   97.525   23.513    5.622
1989  124.725   87.201    6.793
1990  108.150   63.332    7.640
1991  106.975   86.883    8.292
1992   71.050   26.216    6.189
1993   82.925   24.661    5.805
1994   80.925   22.649    5.218
1995  104.950   25.684    6.775
1996  123.875   85.541    8.595
1997   87.050   45.192    9.598
1998   82.050   47.562    6.225
1999   70.100   30.905    8.509
2000   78.000   47.757    7.953
2001   55.975   22.733    5.274
2002  147.750   45.959    7.105
2003   53.175   17.349    5.410
2004  185.875  135.978    7.473
2005   80.525   47.407    6.800
2006   66.525   39.261    6.968
